Time,Temperature,Gas,Humidity,Pressure,Altitude,pm10 standard,pm25 standard,pm100 env
1712186552.2512941,33.9,66296,100.0,690.817,3116.39,148.0,16,0.0
1712186553.2619557,23.6,1473,43.9,1006.590,55.60,148.0,16,0.0
1712186554.2725203,23.6,1632,43.8,1006.584,55.65,148.0,16,0.0
1712186555.2832513,23.6,1888,43.7,1006.585,55.64,160.0,16,0.0
1712186556.2948668,23.7,2158,43.6,1006.587,55.62,160.0,16,0.0
1712186557.306495,23.7,2432,43.5,1006.582,55.66,160.0,16,0.0
1712186558.318066,23.7,2709,43.4,1006.575,55.72,142.0,18,0.0
1712186559.3298206,23.7,3072,43.3,1006.575,55.72,142.0,18,0.0
1712186560.3416493,23.7,3340,43.2,1006.567,55.79,142.0,18,0.0
1712186561.3533454,23.7,3626,43.2,1006.564,55.81,142.0,20,0.0
1712186562.365032,23.8,3895,43.1,1006.562,55.84,142.0,20,0.0
1712186563.3766944,23.8,4152,43.0,1006.565,55.80,142.0,20,0.0
1712186564.3884466,23.8,4420,43.0,1006.566,55.80,138.0,20,2.0
1712186565.400204,23.8,4666,42.9,1006.563,55.82,138.0,20,2.0
1712186566.4119675,23.8,4935,42.9,1006.569,55.78,138.0,20,2.0
1712186567.4236805,23.8,5191,42.9,1006.567,55.79,130.0,20,2.0
1712186568.4350848,23.8,5458,42.9,1006.559,55.85,130.0,20,2.0
1712186569.4467287,23.8,5715,43.0,1006.551,55.93,130.0,20,2.0
1712186570.4583554,23.8,5969,43.0,1006.556,55.88,126.0,20,2.0
1712186571.4699407,23.8,6278,43.0,1006.558,55.86,126.0,20,2.0
1712186572.4815938,23.8,6603,42.9,1006.554,55.90,126.0,20,2.0
1712186573.4931912,23.8,6868,42.9,1006.556,55.88,114.0,20,2.0
1712186574.5048764,23.8,7224,42.9,1006.554,55.90,114.0,20,2.0
1712186575.5165842,23.8,7515,42.9,1006.558,55.86,114.0,20,2.0
1712186576.5281613,23.8,7812,42.9,1006.564,55.82,102.0,22,2.0
1712186577.539768,23.8,8160,42.9,1006.563,55.82,102.0,22,2.0
1712186578.551353,23.8,8471,42.8,1006.575,55.72,102.0,22,2.0
1712186579.5629418,23.8,8785,42.8,1006.577,55.71,100.0,28,2.0
1712186580.5746565,23.8,9090,42.8,1006.581,55.67,100.0,28,2.0
1712186581.5863996,23.8,9427,42.8,1006.587,55.62,100.0,28,2.0
